              precision    recall  f1-score   support

           0     0.5862    0.8095    0.6800        21
           1     0.0000    0.0000    0.0000         0
           2     0.8000    0.8421    0.8205        19
           3     0.8667    0.5652    0.6842        23
           4     0.7500    0.5714    0.6486        21
           5     0.6667    0.6250    0.6452        16

    accuracy                         0.6800       100
   macro avg     0.6116    0.5689    0.5798       100
weighted avg     0.7386    0.6800    0.6955       100
